1.0 0.6255812385782472 0.029067172885936646 0.0010074883838232425 0.09397074076318992 0.25037335938880323 
1.0 0.7041482671311154 0.08846654537101063 0.024950974219166856 0.08869501321091228 0.09373920006779454 
1.0 0.4493980615625012 0.13222552200556942 0.001446078031212925 0.1995788084862853 0.21735152991443138 
3.0 0.008013989299546524 0.009525224701764765 0.9621719831388573 0.009383255416712099 0.010905547443119534 
1.0 0.7644169694962453 0.02165533298818882 2.7862559610249837E-4 0.029811855910894382 0.18383721600856862 
5.0 0.29341906529806655 0.19489759312074603 5.15642569252993E-4 0.17686603083460223 0.3343016681773322 
5.0 0.043888558440588865 0.32682819358890447 0.0011981728630275662 0.15030865554322112 0.4777764195642582 
5.0 0.10227911540818396 0.3325256975921221 6.670049950343174E-4 0.05866181315414161 0.5058663688505185 
2.0 0.0284489861952398 0.7802213110879743 0.07463453673095703 0.04914136773812432 0.0675537982477046 
1.0 0.6359849209982381 0.10782288741361322 5.081341715013309E-4 0.06132005283069195 0.19436400458595593 
2.0 0.024639941950657676 0.47780251566766596 0.003813231717744995 0.0714530612692254 0.4222912493947057 
1.0 0.5556015293067555 0.04087650003411607 7.624664621677332E-4 0.07327918189682969 0.32948032230013113 
1.0 0.7087462378075808 0.05697635721840606 0.0074780437878528725 0.04310576097398593 0.18369360021217424 
2.0 0.013941257800365314 0.827370693294007 0.014147332015626944 0.05628863640229216 0.08825208048770844 
1.0 0.6714702859404807 0.02782664198177817 0.0019821675707843126 0.09354678709067152 0.20517411741628513 
2.0 0.08478241574035637 0.5447195488278352 0.003828548861819319 0.09918628291337128 0.2674832036566176 
2.0 0.21167770955323534 0.3636433662523043 0.0010571393263544295 0.27673496993032676 0.14688681493777883 
5.0 0.3071741446232586 0.14268221917071322 0.0014399508261099124 0.04027318879808471 0.5084304965818337 
1.0 0.6385888361826483 0.08987512589491621 0.001130164375320395 0.06655490521827978 0.20385096832883545 
1.0 0.6731073673914412 0.04081546977664382 0.0010564751729491158 0.026996172873402013 0.25802451478556404 
3.0 0.027031600347271735 0.03376425614253661 0.906118413990933 0.021707463217956573 0.011378266301302477 
2.0 0.01863207971931692 0.48948758819495325 0.0013666676064491858 0.40758744620565635 0.0829262182736243 
1.0 0.5336865530941379 0.015972990071353776 7.817569790660679E-4 0.09817892754909828 0.35137977230634404 
3.0 0.05008981897924074 0.10184578028906752 0.5536725847514192 0.2532109625553672 0.04118085342490559 
3.0 0.005040820144131782 0.008956102440466457 0.9729636151853979 0.006892936739255315 0.006146525490748652 
1.0 0.7969268219803369 0.03196258892636328 7.472133988184686E-4 0.04074338892886801 0.1296199867656133 
1.0 0.8014623511713082 0.04563076717514498 0.0017996181006960752 0.06191075542062955 0.08919650813222152 
3.0 0.007912703820165004 0.008357382646252397 0.9629262092835539 0.009031171357124123 0.011772532892904511 
2.0 0.03626369696665911 0.6973347421648954 0.0057103655751478445 0.14544227484216804 0.1152489204511295 
1.0 0.5962041869144176 0.1515389131107308 0.002264014356589366 0.1468926739780779 0.1031002116401846 
1.0 0.48988319528139496 0.024318643561985907 5.053915684124686E-4 0.14231698364983417 0.3429757859383723 
1.0 0.378087390874328 0.32315105559508217 6.75721290420752E-4 0.11510084785316943 0.18298498438699973 
1.0 0.5272217957024986 0.22978631684963116 0.0010159439948061485 0.13976047383083753 0.10221546962222654 
5.0 0.2904722275065304 0.17147785709239777 0.0015998345369405836 0.20129006763719648 0.3351600132269347 
2.0 0.030305581464521458 0.5826710040509185 0.01588777027126859 0.2738730459363247 0.09726259827696686 
2.0 0.016155151421868217 0.8110243316222921 0.008988995056006999 0.03898903773393876 0.12484248416589418 
2.0 0.022059829058040978 0.7848672593987597 0.004389915478012713 0.10993292141487677 0.07875007465030978 
2.0 0.021012587943324224 0.680979616875603 5.131020148912242E-4 0.13209325004082711 0.16540144312535435 
4.0 0.05231628715399657 0.3189702584646265 0.001305938082825821 0.4636466390179839 0.16376087728056712 
4.0 0.06289835576455167 0.31898987762991604 0.004697694685292264 0.5622640820338848 0.05114998988635521 
2.0 0.008011950756531869 0.8633204363420167 0.0028489076074026585 0.05596286409425632 0.06985584119979212 
1.0 0.4649282424804239 0.10988159132019354 0.004354333404620878 0.17238110893964906 0.24845472385511227 
5.0 0.07190313697934338 0.1934959299209893 0.0018603228058496726 0.17878490869113808 0.5539557016026797 
2.0 0.14174001526766827 0.5263620412768694 7.754112476765377E-4 0.13355407674587788 0.19756845546190832 
2.0 0.029362382853829166 0.8194075040685893 0.0345827354601893 0.050084295733774147 0.06656308188361801 
2.0 0.2646110443741353 0.27890536458073856 0.0010282459225244359 0.26546248099304465 0.18999286412955702 
5.0 0.2731892859497031 0.098213621737519 0.0010690805137413097 0.23812099232694361 0.3894070194720934 
2.0 0.11678179461678484 0.27437273396401707 0.21542649773307204 0.17112287734278145 0.22229609634334457 
2.0 0.029666088227464884 0.7736996248998613 0.017852743165544794 0.08873983832698047 0.09004170538014827 
4.0 0.05330935464224947 0.2371737881927429 0.016449485051842554 0.5783868738198644 0.1146804982933008 
2.0 0.01668299184245105 0.8033611512509748 0.010549613985835263 0.06001029008789689 0.1093959528328419 
2.0 0.2945327153578124 0.5161059751993751 0.003385349956460311 0.09115923032295904 0.09481672916339351 
5.0 0.10516422068330553 0.23290143585833142 0.002625268284019406 0.2822649199184971 0.377044155255847 
5.0 0.05406445838050366 0.23299010018230532 0.0015248705995184913 0.23039242738281204 0.4810281434548604 
2.0 0.013148257523144172 0.8784543114776955 0.0034853486657401953 0.05261116883591567 0.05230091349750459 
2.0 0.032300826739800864 0.5417137658948997 9.234901306498834E-4 0.3233996832465386 0.10166223398811032 
1.0 0.35268642893115787 0.18110164702316603 0.009304283827285568 0.23497632754548078 0.2219313126729098 
4.0 0.0408910738841832 0.19299177494441272 0.002121671689343223 0.630203685376384 0.13379179410567665 
3.0 0.025344710735976696 0.32396475721954765 0.5430569564645662 0.05649579587667053 0.05113777970323906 
5.0 0.03210269263370835 0.4043305783818807 0.0071862267502265185 0.11741048860651898 0.4389700136276654 
2.0 0.018289533351385504 0.8273546310009232 0.00480903757551242 0.05698242201054313 0.09256437606163533 
3.0 0.013361303152935792 0.025892472892448046 0.894832692664434 0.028597317494674594 0.03731621379550762 
1.0 0.6692708578895805 0.08779437997866475 4.786639549644541E-4 0.09511569494912275 0.1473404032276673 
2.0 0.027227036981105294 0.7802597031141287 0.03815451721610648 0.0560969020666591 0.09826184062200063 
2.0 0.06462734831730714 0.7502203482340518 0.0010458685377853253 0.08119132593598738 0.10291510897486866 
3.0 0.004635218715508361 0.0044579529065378294 0.9769024044402386 0.006344841047362294 0.007659582890353187 
2.0 0.029549456924684248 0.8187898272927221 0.036456982513948466 0.04982719777376626 0.06537653549487896 
5.0 0.15799717781430211 0.07414794441817621 7.632478368889708E-4 0.11523240865262659 0.6518592212780058 
5.0 0.09514803574185993 0.3473310622116846 0.0013767899604872845 0.0763625742839765 0.4797815378019915 
3.0 0.0073288025883035115 0.009609158772118128 0.9516059174757668 0.01859020758381514 0.012865913579996573 
1.0 0.45527665003466944 0.10736777805614836 0.00108159066612361 0.08442866359652641 0.3518453176465322 
5.0 0.2744074916603882 0.15970577395399646 0.0018638945748488986 0.11783783339460809 0.44618500641615855 
1.0 0.6064004025034916 0.18360207891437508 0.001841771479092978 0.12362998787654003 0.08452575922650019 
3.0 0.004330109777103424 0.00699724418900213 0.9752043606657671 0.007609824136132238 0.0058584612319951225 
2.0 0.21241476352845562 0.3562994572278733 0.001045638597346375 0.10881661604268549 0.3214235246036395 
2.0 0.07596061477052177 0.3713828292020085 0.014709513780530573 0.3637999597171313 0.17414708252980768 
2.0 0.027345591510497588 0.6711776926524876 0.004927357462528285 0.16031113563531088 0.13623822273917557 
3.0 0.02502305639656572 0.12827410822005403 0.48528498140652954 0.29194800665159587 0.06946984732525467 
5.0 0.03299594932016646 0.20332570737840214 0.04200962079318065 0.2548992300869724 0.4667694924212784 
2.0 0.05126990274108647 0.6964471812333507 0.003956655943574474 0.1529089208332521 0.09541733924873637 
2.0 0.06791673414929322 0.571173977385857 0.14080049538127262 0.16890354308519703 0.05120524999838023 
1.0 0.4771692259773954 0.21927076320014868 0.028254535016562506 0.15867049659210583 0.11663497921378757 
1.0 0.5908728557893168 0.08544329574109007 4.2532070017956507E-4 0.1171586259406897 0.20609990182872384 
2.0 0.025507455079245598 0.6938704165213042 0.027821045672106654 0.13772150451594617 0.11507957821139767 
1.0 0.6798576888888833 0.020170875212479778 0.0012105902740931415 0.06983284154406853 0.22892800408047528 
1.0 0.3743202390631906 0.2505601664981928 0.1617565500707641 0.11979941324786857 0.09356363111998398 
2.0 0.014555253375089235 0.7717783620309825 0.0011850194924338962 0.04121018203414351 0.17127118306735067 
3.0 0.02253965931654604 0.28104047212830624 0.3818634369477069 0.22804148977202407 0.08651494183541653 
2.0 0.048414187670377085 0.7913958779374735 0.004008790134751589 0.08874204879218145 0.0674390954652162 
1.0 0.7610471739428335 0.0721144791893598 0.0062309558281630675 0.09709303954000253 0.06351435149964102 
2.0 0.2750697412530355 0.3929634632263692 0.0943653626476632 0.1872656290710163 0.05033580380191585 
1.0 0.6333957884327472 0.18909750061746491 0.004389474600387656 0.096227198698713 0.07689003765068746 
2.0 0.022614844634646806 0.5665033203929379 0.0020153856893215735 0.19092970318772615 0.21793674609536742 
5.0 0.21484305533585113 0.22697157936114848 0.0024898478399199334 0.18584871162589284 0.3698468058371879 
2.0 0.026149536670764386 0.7875635619125654 0.04377319600085138 0.06371989180467108 0.0787938136111474 
1.0 0.6343133691261654 0.03242408736126209 0.004290375033367554 0.1145830630940352 0.2143891053851698 
2.0 0.11603352908176266 0.38971328857791565 0.015588510083201564 0.09269662331503975 0.38596804894208026 
2.0 0.016303025153115 0.760450282386875 0.0036740796839227203 0.05525223681305312 0.16432037596303428 
1.0 0.6433829078343916 0.012934140408318742 0.0012929935928058455 0.07200920620497797 0.2703807519595059 
3.0 0.09160744736753804 0.2622334911134019 0.4915926790426201 0.06960655961560776 0.0849598228608321 
4.0 0.14488733994729275 0.07950695621383554 0.1471948943433081 0.4006530810651113 0.22775772843045264 
2.0 0.03053572630605996 0.5215245551170172 0.020486877605836 0.16130204928444847 0.2661507916866384 
2.0 0.033983686017598054 0.8054829067386352 0.0516247327180457 0.04527562428441611 0.06363305024130479 
2.0 0.06429964161709317 0.37677021008768086 0.008252229502536783 0.34209295403006235 0.20858496476262672 
1.0 0.6050980338662564 0.07868667680452447 0.0021555088841337514 0.06755093101449652 0.24650884943058912 
3.0 0.04297287748554843 0.1682729925324967 0.5316256393748994 0.09598482816969468 0.16114366243736059 
5.0 0.2822269149478504 0.16981233590629158 0.0494472412882223 0.19896054186789774 0.29955296598973774 
2.0 0.015006684518762498 0.777036259448527 0.011351591838780208 0.07468257122018192 0.12192289297374824 
1.0 0.37701818567878453 0.24705736097026354 0.00101994375357381 0.16173845203310888 0.21316605756426904 
4.0 0.039239006509408654 0.0440557160939385 0.001577752755889191 0.7146891984296979 0.20043832621106566 
2.0 0.021841724987939275 0.6769113310291524 0.06238638340706083 0.13656538989043798 0.10229517068540961 
1.0 0.39988547734174973 0.11269554773402846 0.002438498170933204 0.2158023113370005 0.26917816541628775 
1.0 0.5069849678833698 0.04685610235094868 0.0012656205289615127 0.05030670581790992 0.39458660341881013 
5.0 0.23270654588999562 0.22502664098280714 0.0039918062494144245 0.24874583931703403 0.28952916756074903 
2.0 0.12457524787376367 0.49118143000335285 4.5103398254982746E-4 0.2092444417352963 0.1745478464050371 
2.0 0.018290281294187808 0.7758291604688298 0.010569638121194411 0.08620266250678855 0.1091082576089995 
1.0 0.34848747869641616 0.23814125123950292 0.0013826817249658373 0.14974910471850714 0.262239483620608 
1.0 0.48959293962104083 0.19301968389469143 6.60794339448145E-4 0.13103612402479795 0.18569045812002125 
2.0 0.02307786423878113 0.7102348975031366 0.0043048959910047795 0.1750787207311705 0.08730362153590714 
2.0 0.08198693991996008 0.4318169030726406 7.443924407032991E-4 0.06355916879145891 0.421892595775237 
2.0 0.02874323949346682 0.7855836708110847 0.03605218598702113 0.05498575365521269 0.09463515005321453 
4.0 0.021583414589698348 0.11300837628509464 0.05823974250297567 0.7349952696027892 0.07217319701944241 
3.0 0.023049317261483793 0.3368600341141536 0.5158056407728937 0.06588076414904905 0.0584042437024198 
5.0 0.3115189737833322 0.22018631368158184 6.055471383622159E-4 0.08017575435484404 0.3875134110418797 
2.0 0.1506826291613878 0.49159052257410063 0.004539069816525011 0.2479293947040547 0.10525838374393165 
2.0 0.027270515078775506 0.5078051718342848 0.019604776748211084 0.3641848254543719 0.08113471088435631 
2.0 0.015986213967730725 0.8111879412499474 0.004252851757398353 0.03332501091478916 0.13524798211013414 
4.0 0.04377183710467798 0.08863527853008858 0.2936991269324842 0.4055138960321846 0.168379861400565 
4.0 0.01622778107793838 0.234371694576182 0.0022263868027492463 0.6509352690587101 0.09623886848442018 
5.0 0.10514249376100981 0.15105620162129524 0.0012132322599473627 0.14172446048488374 0.6008636118728639 
1.0 0.4497387169261574 0.18567479020191618 0.04001989076689681 0.12841318245101854 0.19615341965401126 
2.0 0.026981440851910878 0.5864490389834766 0.004575715684998198 0.3138033711498355 0.06819043332977907 
1.0 0.5691642645090604 0.09090421122677292 6.616033578274995E-4 0.12096391429699598 0.21830600660934305 
4.0 0.033200939511390734 0.28806494607669975 0.1171258783372701 0.47457405857375257 0.08703417750088714 
2.0 0.021516510136277294 0.7002166519604264 0.0028727476119897255 0.11784534777112962 0.1575487425201769 
1.0 0.7254234592787573 0.07429978161250501 0.003487352777798829 0.0462631925193554 0.1505262138115838 
4.0 0.03663194555438561 0.10806914197031518 0.005315847772002971 0.5396117032844144 0.31037136141888205 
4.0 0.04147128342646145 0.2451452254005071 0.002676167209779113 0.6323922875439536 0.07831503641929882 
4.0 0.022318573417991462 0.2914808804675727 0.14184001633925405 0.3205753276269855 0.22378520214819653 
4.0 0.05415698150901418 0.38321984992244607 0.09039464080447794 0.39737879831068895 0.0748497294533731 
2.0 0.03764987933932029 0.6995488795542533 0.0058341473926015516 0.04032275797210904 0.2166443357417159 
4.0 0.052556000674206474 0.18307479405501115 0.005116052060101437 0.5144788521957906 0.24477430101489014 
2.0 0.05769786685980501 0.348118237964087 0.001772396441705322 0.3137226980638077 0.27868880067059487 
2.0 0.024040678674985883 0.7698029457099874 0.0446276748112412 0.06297765409688423 0.0985510467069014 
2.0 0.013234767083060773 0.8249583058921082 0.0024708071520189267 0.08225987602973377 0.07707624384307872 
1.0 0.30289306056402154 0.23681550382912284 0.2694861275905918 0.09613691038803901 0.09466839762822464 
4.0 0.33329677026350707 0.2046185638453544 0.004320896362498819 0.37421985640803745 0.08354391312060215 
1.0 0.5164149453303429 0.2346472319398734 9.161478803833867E-4 0.09102987140751286 0.15699180344188712 
2.0 0.05590819644064668 0.6159190990708339 8.038851540852657E-4 0.06871322147610293 0.2586555978583316 
1.0 0.6498584776966161 0.027167315554656967 5.664017189309892E-4 0.021726188139710757 0.30068161689008505 
4.0 0.03108426154234131 0.2881074817154607 0.03253593755361256 0.44798642467237654 0.2002858945162088 
3.0 0.11817601579944086 0.11251982621410388 0.39905800129356805 0.13845985934243102 0.2317862973504567 
1.0 0.8691855728596272 0.01753204295500499 6.392857732967688E-4 0.03126921126180958 0.08137388715026153 
1.0 0.8111401424962504 0.07353335670418619 0.0010698854075106474 0.05689772211638103 0.05735889327567166 
3.0 0.014865990587987906 0.018278846456332667 0.9386185402533729 0.015171575332408174 0.013065047369898684 
4.0 0.058630940506986653 0.12880443894727334 0.0056034462419824555 0.6584681276743412 0.14849304662941668 
2.0 0.03167604908917313 0.7457383600790974 0.02129793100062135 0.1108584335742044 0.0904292262569035 
2.0 0.022286533097404238 0.7741212897302643 0.02574806543545934 0.07926636896761984 0.09857774276925224 
2.0 0.009615515754754516 0.793092274942041 0.0018479189801354598 0.07705005980173985 0.11839423052132894 
3.0 0.032438120985159156 0.10728542845485332 0.7592627204593193 0.07577827530890824 0.02523545479176018 
2.0 0.01674609342539104 0.8271286391223194 0.02325340434107737 0.06727450279085043 0.06559736032036156 
2.0 0.026390136375787816 0.719438834433363 0.057738828370292414 0.09777360084875944 0.09865859997179728 
2.0 0.014439032987020732 0.63269770624799 0.0039888817225606325 0.26912841220242056 0.07974596684000855 
1.0 0.6061744340207849 0.04128706863154812 0.019267219410678146 0.11504430497837306 0.21822697295861576 
5.0 0.1612818732700314 0.09745109898416111 0.0014849579525887614 0.32710528644761144 0.41267678334560715 
1.0 0.6669437519770222 0.03546310497618295 7.906255009165891E-4 0.06455629192587839 0.23224622562000025 
2.0 0.0188753245173751 0.7029030682323579 8.680280567099577E-4 0.1593956295631014 0.1179579496304557 
4.0 0.0396058348887807 0.23879371190654475 0.02192723169509756 0.5003597593805246 0.19931346212905238 
5.0 0.3044760705623495 0.17807751701697758 0.009046674278570983 0.13836597604063822 0.37003376210146377 
2.0 0.011280607164508755 0.806229851000206 0.00504307128236571 0.06098057394021713 0.11646589661270194 
1.0 0.630488582704045 0.14336257749077894 0.04100209240551439 0.130303745543176 0.05484300185648592 
2.0 0.02308352635746275 0.7817444900571473 0.033387668749741195 0.06770363902438988 0.09408067581125909 
5.0 0.0506282658552684 0.2979905030247685 7.619682661231322E-4 0.03574322875683942 0.6148760340970008 
4.0 0.031212369553927564 0.08194246162945376 0.004117198761721889 0.800771533271688 0.08195643678320881 
2.0 0.028421484016913707 0.7767463733555706 0.07972161397480765 0.04976022321839836 0.06535030543430989 
3.0 0.0036968392641455556 0.0034353936866843874 0.9793187613378723 0.008471265316661225 0.005077740394636555 
2.0 0.06409548426972941 0.5136669529150645 0.10477601149232604 0.2707514485860969 0.046710102736783235 
3.0 0.026032737257554964 0.3422627140124079 0.5210940051105063 0.05833990110681166 0.05227064251271942 
5.0 0.11269709055040877 0.24530914901150902 0.0012688873119916359 0.054947081776764946 0.5857777913493255 
2.0 0.057999807512930227 0.5679205722278454 6.207008379382694E-4 0.10750206595524445 0.2659568534660416 
1.0 0.6232839389051001 0.16420184578841926 0.0141177784703338 0.09844485252678886 0.09995158430935781 
1.0 0.7638889437992782 0.019518323588760322 2.199029381850198E-4 0.03193475555865336 0.18443807411512314 
1.0 0.4902469121969316 0.02921609957513334 0.0019287862059549578 0.14882903411019502 0.32977916791178513 
1.0 0.6336313411973701 0.08262506758829048 0.009379013332038331 0.19382978309375729 0.08053479478854389 
2.0 0.05223851028368572 0.4413520507280023 0.004514268700471032 0.4106093320901631 0.09128583819767776 
2.0 0.027442773492996213 0.4288226174983537 0.4269452893427511 0.05986724822308252 0.05692207144281668 
2.0 0.0468311241189385 0.7919361789446099 0.006439911053155377 0.03283190187227213 0.12196088401102376 
2.0 0.031361662620535476 0.7657443291598852 0.026402980475788068 0.08796750863069876 0.0885235191130926 
4.0 0.02433750136751348 0.15450658705219386 0.0025156853233437326 0.7573716082530662 0.06126861800388313 
5.0 0.10823564260389298 0.1375656619540154 0.004341894332614489 0.09695104235262919 0.652905758756848 
5.0 0.14662970841554732 0.13896192144187217 0.014666770306799559 0.0414156999511871 0.658325899884594 
1.0 0.395966527519567 0.04879357615609893 0.0015740215724284496 0.268823484820654 0.28484238993125144 
2.0 0.2546439683393196 0.330953456464765 0.08374737402905011 0.17457932872675838 0.15607587244010693 
2.0 0.01617586045957937 0.5027816422221573 0.005333956240410759 0.3373002920305145 0.13840824904733834 
2.0 0.024379890645540678 0.6443378128918253 0.005449343339546125 0.03562958522764361 0.2902033678954445 
1.0 0.8455410351308975 0.010839279226546258 3.497280055530707E-4 0.020002564172575836 0.1232673934644272 
2.0 0.03245648583389775 0.7120658304006422 0.0072485264072412155 0.030220887418562457 0.21800826993965672 
2.0 0.03337340077437865 0.7581098136195425 0.01045578938323274 0.07024189619373337 0.1278191000291127 
1.0 0.7647427488920803 0.05349298414945179 0.0016422732290070226 0.037349207325573563 0.1427727864038871 
2.0 0.009783728553988671 0.7781336359177877 0.003060845232431208 0.11347712282979286 0.09554466746599932 
2.0 0.04399602228956728 0.762283087583857 0.002389365573504605 0.05344980580190657 0.13788171875116464 
1.0 0.6672353255667189 0.06040710953099123 0.006724875636834444 0.05418469171715848 0.21144799754829655 
2.0 0.03743790132348374 0.7786889483581656 0.005324599911006843 0.0483721538838668 0.13017639652347698 
1.0 0.3688987644043411 0.24498435394932816 8.627625738195036E-4 0.14765953584584204 0.2375945832266689 
1.0 0.7974708689767802 0.07969219591047073 0.005936630795020298 0.060008111231978765 0.05689219308575005 
2.0 0.01735039490588608 0.5543316549167097 6.625208027206928E-4 0.14118944689068172 0.2864659824840018 
4.0 0.04845205325889872 0.3941522120940722 0.0014932839751420708 0.4035713393096969 0.15233111136219005 
2.0 0.029594016764178655 0.40098524240092137 0.028164981388892223 0.2970048349286188 0.24425092451738886 
1.0 0.44012043847877197 0.1689743079657615 0.0016284599985586564 0.09115902551455723 0.29811776804235046 
2.0 0.019983939749053225 0.4972049898700389 0.00244892675521746 0.36205666179110557 0.11830548183458468 
4.0 0.04810232840009254 0.042858179496451175 0.0022862642500457546 0.6596031137079672 0.24715011414544347 
1.0 0.32326965373931554 0.3098201656506442 0.006510038359465014 0.2291889634654817 0.13121117878509345 
2.0 0.019066704531211866 0.85408295644619 0.01853499415039776 0.03849867400328123 0.06981667086891936 
5.0 0.15893498227280328 0.10330423461216195 7.376527142731091E-4 0.16050682523306284 0.5765163051676986 
2.0 0.01908998833723741 0.7123007884060872 0.009843915196866346 0.09983934023004626 0.15892596782976265 
5.0 0.20352533359472125 0.1649025510817306 0.002045095293326603 0.1419282978304429 0.4875987221997784 
2.0 0.01783469920003091 0.770947650032315 0.011480597844200524 0.08240633761859019 0.11733071530486328 
2.0 0.02809085296330948 0.734586631404312 0.036427160309188175 0.06922539029095849 0.1316699650322319 
5.0 0.3249442285370959 0.12572893562510074 2.1395503344960007E-4 0.0754785533262057 0.47363432747814815 
2.0 0.030790192220882872 0.7269341986992855 0.08739177134027498 0.059585402853051875 0.09529843488650441 
2.0 0.2638967817423665 0.42345769577312564 6.876086916685936E-4 0.19614426259448695 0.11581365119835237 
2.0 0.03874450201362156 0.5078889821493119 0.053231823131622134 0.25069627077823103 0.1494384219272133 
1.0 0.7987262128880813 0.057581287267544384 5.20549834665338E-4 0.05974424403923334 0.08342770597047539 
2.0 0.1868165636431803 0.4086122993346656 0.001149753207308124 0.04936343091195193 0.35405795290289405 
2.0 0.03823292594981847 0.704577445644973 0.00680782016146165 0.12714993175373987 0.12323187649000682 
1.0 0.7636688522941768 0.031959036657825866 4.636248917252575E-4 0.041002472383149434 0.16290601377312236 
2.0 0.02901380176608018 0.852415277189825 0.002750560705937771 0.05960642943507848 0.05621393090307839 
2.0 0.01345965042591241 0.837234719125716 0.023696586628554717 0.07082586837811027 0.0547831754417065 
4.0 0.11064973259161721 0.14720955839964314 0.018682180610925705 0.5274846270555114 0.19597390134230247 
2.0 0.03108655725853452 0.6205291699557587 0.22034433724190766 0.059373951714841 0.0686659838289582 
2.0 0.011420554054008355 0.7372631384562882 0.0019623991898166343 0.1358711868308368 0.11348272146904963 
3.0 0.008190071501521252 0.032672740189770635 0.9358098947216351 0.010954299601502869 0.012372993985569786 
2.0 0.018900583038062177 0.6406182461426959 0.0045187820725858426 0.2405576804592634 0.0954047082873929 
3.0 0.007577770167769751 0.008071953581190582 0.9639935817891268 0.009405364106061812 0.010951330355851116 
4.0 0.0969075288526313 0.07809148980639757 0.013516742397193644 0.6159748454171263 0.19550939352665128 
2.0 0.018498548611178268 0.8300878561959383 0.03288632875617245 0.058706004717177934 0.05982126171953309 
1.0 0.5527916339297846 0.10223964040963 0.0017252615124102612 0.06507556486075378 0.2781678992874214 
5.0 0.3118416259776229 0.11249358282260616 0.001307133685758552 0.11959717447129724 0.45476048304271516 
1.0 0.7002468159529189 0.013948488487339346 5.862567309248857E-4 0.08145376635223828 0.20376467247657867 
2.0 0.01607179481252169 0.7996139067677394 0.011347427577014235 0.09366611559017901 0.0793007552525456 
2.0 0.1673880649331605 0.420853714124202 0.0012462489716218489 0.05521774087268469 0.3552942310983307 
1.0 0.8341833784643039 0.020904597166410587 2.617873058505474E-4 0.032722921629489476 0.11192731543394548 
5.0 0.06729254556150802 0.1572392088983511 0.005469854520690793 0.28779463908463226 0.4822037519348177 
2.0 0.02023419408675413 0.7482067149998973 0.025016979095853726 0.06638584979672121 0.1401562620207735 
3.0 0.01110112151447887 0.13095545625565194 0.8247079543850373 0.015896873845920815 0.01733859399891105 
4.0 0.14676632774342122 0.06637415566674143 0.0193372830158925 0.3970491252706553 0.37047310830328944 
2.0 0.07286131411250069 0.597572792391925 5.831998412488763E-4 0.1381043293319511 0.190878364322374 
3.0 0.00985260348360213 0.008573207461649957 0.9618129896399229 0.0069532561259473815 0.012807943288877697 
5.0 0.26420948584606585 0.15487717975190102 0.00181012945119755 0.0791908314574365 0.499912373493399 
1.0 0.32976989579013294 0.15379652577991562 0.001456958798335694 0.20557091918576878 0.30940570044584687 
2.0 0.045172407420989026 0.5511732436229447 0.0010997867278860088 0.11422547256315699 0.2883290896650236 
5.0 0.08014877239651956 0.13241573027114642 0.007337034441177585 0.2929365269564699 0.48716193593468704 
2.0 0.05387759733086247 0.5313009725273087 0.001317002383337019 0.12228788719393432 0.2912165405645575 
2.0 0.028189373290952193 0.7719422025111339 0.06659860474990106 0.06598085659907924 0.06728896284893353 
4.0 0.032584408580805996 0.09044789366799111 0.018576143430431614 0.7633112166018652 0.09508033771890582 
2.0 0.03233120031830559 0.7782220580713514 0.05235174176862608 0.05966938002112524 0.07742561982059153 
2.0 0.21619112021906003 0.3314354735280597 0.0010188662424161473 0.23523414116292626 0.21612039884753742 
2.0 0.017369620593258767 0.7668434054131025 0.016489516751329883 0.13647191033352207 0.06282554690878678 
2.0 0.030331738593173202 0.7894201521880947 0.008083112949498606 0.051242274451456925 0.1209227218177767 
3.0 0.0222372876207597 0.27268191383146567 0.5044583316807774 0.13179241497809133 0.068830051888906 
4.0 0.055459698823333285 0.20197319604243807 0.01290980209628946 0.5611670178717109 0.16849028516622847 
2.0 0.023856324662495102 0.7423865421402011 0.041440210209765876 0.10413838172770844 0.0881785412598294 
2.0 0.01930051743752026 0.7820147457087459 0.01124707519292819 0.056704113771515234 0.130733547889291 
4.0 0.12868781820271777 0.1807703828930956 0.016228003213018215 0.48599346745916705 0.18832032823200137 
1.0 0.33780979169090913 0.09605416460263125 0.1859332816830383 0.1783390022741889 0.20186375974923235 
3.0 0.003514133251012628 0.003606197485472841 0.9848013487347727 0.0030855338687474977 0.0049927866599944045 
2.0 0.02665058609313339 0.7759138226664108 0.05276888702065332 0.0703326493272637 0.07433405489253848 
1.0 0.8202867580647689 0.02946898627034764 7.32639254308896E-4 0.061548253068836455 0.08796336334173786 
2.0 0.022057409153132906 0.7250772412253808 0.030878705257223783 0.111085925957909 0.11090071840635345 
2.0 0.18883357414291527 0.39994208064512704 0.06110659579546475 0.2551630071093353 0.09495474230715814 
1.0 0.6061754656519815 0.08647468356554774 0.014489459637677483 0.08131421175347248 0.21154617939132106 
1.0 0.35273065968932427 0.349820120766835 0.0014835505748808544 0.041503502053738615 0.2544621669152214 
4.0 0.18321887084242858 0.05598024972796083 0.0031235005560505532 0.42456484570844655 0.3331125331651133 
4.0 0.05539517707856111 0.11019184184478258 0.0034192058838214546 0.45684035192423006 0.3741534232686044 
2.0 0.020688862814559564 0.8150092931027205 0.033049704226928565 0.05652756262623522 0.07472457722955632 
1.0 0.42938035380095374 0.1577822748454665 0.002055375689326326 0.08076525132427631 0.330016744339977 
1.0 0.45185936890259637 0.2183345064988516 0.00721878401634538 0.15014726757392294 0.17244007300828396 
2.0 0.23643748729846648 0.2879293102924128 0.0016362731397793152 0.21436071979962598 0.2596362094697158 
2.0 0.03939204851507463 0.3720893842411573 8.604835796960304E-4 0.2806722950860036 0.3069857885780687 
2.0 0.04803401312895373 0.765871819990578 0.008169991695919256 0.10399383394328007 0.07393034124126864 
4.0 0.04871685048744045 0.29369590935270357 0.0016698545613837 0.4806065982311153 0.1753107873673567 
3.0 0.006624574763756255 0.006121681137604721 0.9695086984664222 0.008028277336378934 0.009716768295837822 
5.0 0.24692792993610901 0.049650729939034986 0.0022489710190813426 0.1770575788450674 0.5241147902607073 
5.0 0.1475110795529159 0.07579624288121246 0.0029070783333807575 0.08303855001159151 0.6907470492208991 
4.0 0.05155264632853075 0.2378457216155466 0.007867184854154434 0.5777880056631857 0.12494644153858252 
1.0 0.8323749076438272 0.058395976297775154 0.0036171517284937834 0.054548442689284785 0.051063521640619294 
4.0 0.08087869003522388 0.2130363739370914 0.004066994960154987 0.4439745459960136 0.25804339507151636 
2.0 0.03174689957256981 0.5431666074697399 0.001395630784853495 0.3277680908799604 0.0959227712928764 
5.0 0.18442626181215155 0.030657656848575826 0.002140665069786372 0.2842717404192338 0.4985036758502521 
2.0 0.048669232365550895 0.7160726664473677 9.212000783393688E-4 0.15832303334510953 0.07601386776363223 
2.0 0.06855700323121952 0.5728018275652265 0.01009476484990652 0.23409268033020117 0.11445372402344663 
2.0 0.033410914273449575 0.59475912979632 0.1962971568982492 0.12280853103563216 0.05272426799634883 
2.0 0.021371956746877967 0.6968157212995126 9.315431157943631E-4 0.19116055802374998 0.08972022081406486 
1.0 0.4130595757936057 0.3290747336606626 0.003396543706792584 0.16927847731863438 0.08519066952030482 
2.0 0.029746384604460253 0.7558648620451542 0.008144028158973105 0.13883525254889853 0.06740947264251401 
3.0 0.06053049847993925 0.06173751254744038 0.6962630540853588 0.1062485615648943 0.0752203733223673 
2.0 0.3416970264136773 0.3759932350456405 9.681903883436271E-4 0.0695571839471182 0.21178436420522034 
2.0 0.012373851247107501 0.6560718100052939 0.015482751653736576 0.22714996646397445 0.08892162062988762 
2.0 0.009214746379354145 0.8000094324755826 0.002074015662160281 0.06325455976416275 0.12544724571873997 
3.0 0.00934881460155376 0.022745139292735653 0.938391303283762 0.01934901819898781 0.010165724622961 
2.0 0.029465190992098836 0.8175889539744837 0.03871761847700923 0.04880642639185985 0.06542181016454839 
2.0 0.07495505410339934 0.5969476908307206 0.005828047464625952 0.12614088729865539 0.19612832030259877 
2.0 0.013614499524318974 0.8014981639276819 0.01011575164412486 0.0806746582634516 0.09409692664042295 
5.0 0.21171938673230592 0.13443961447808983 0.0025256876709559397 0.2432246757007292 0.4080906354179192 
3.0 0.0049277899928059565 0.007116208421481259 0.972754717971875 0.00756089904030793 0.007640384573529718 
1.0 0.593977670253175 0.0259615334216443 0.0014473156222408188 0.09576110465906797 0.2828523760438719 
2.0 0.014343183508212296 0.7540729240836267 0.006123441120763022 0.10079202569853464 0.1246684255888635 
3.0 0.026695628015195427 0.40449271642517665 0.45455186125631225 0.05900830764119843 0.05525148666211747 
5.0 0.14516665146480676 0.1988205785916369 0.0036979331612018306 0.06181580996964434 0.5904990268127099 
1.0 0.683912845256114 0.16079393875947537 0.006352349616886141 0.06623473800152721 0.08270612836599733 
2.0 0.02421759132343973 0.6446175100875973 0.027535056236319733 0.20322599860751983 0.10040384374512348 
5.0 0.1513975526155491 0.04312973762579143 0.0025440691995775367 0.1893886705474251 0.613539970011657 
1.0 0.5140252882572123 0.15039133264479576 3.872636205384446E-4 0.08216248613617039 0.2530336293412833 
2.0 0.015202922303046406 0.7849601433532751 0.011334424090804256 0.12339222630714702 0.06511028394572711 
2.0 0.04203087867739368 0.7048388883570381 0.001310552837118203 0.06788752833309131 0.1839321517953586 
5.0 0.047693921891871986 0.21016702934676462 0.017054529331149506 0.22654794956486457 0.49853656986534955 
5.0 0.24188204764978913 0.20323462729279881 0.001309884601908579 0.13529171342323 0.4182817270322738 
4.0 0.01791378198777226 0.19272840189185564 0.003032601057738137 0.7249084135790331 0.06141680148360081 
2.0 0.014771366748764383 0.8364951615539822 0.0080649275427928 0.05470303196168783 0.0859655121927728 
2.0 0.030538422399347138 0.5114735119016341 0.03609867097885907 0.13853148463855602 0.28335791008160327 
3.0 0.06864328104146049 0.044000690095319206 0.8239943184335813 0.01721442421171662 0.0461472862179221 
1.0 0.8251538066753441 0.06515317704573907 0.004697816966423785 0.055724821622043424 0.049270377690449646 
1.0 0.5691348337260325 0.01891839024372202 4.7556856481362284E-4 0.052651969538416596 0.3588192379270153 
2.0 0.08328246765588677 0.4351965514883666 0.0010959381322162335 0.15543351132873923 0.32499153139479126 
2.0 0.022391975711645935 0.7705156838734523 0.03471828836658709 0.07503630640535348 0.09733774564296134 
1.0 0.7998143505029968 0.057673570962737605 0.007128054664830204 0.07942541609806872 0.05595860777136684 
2.0 0.067629423639773 0.4395262635143956 0.021913466350132495 0.3836693546730541 0.0872614918226447 
4.0 0.054866355840087394 0.11257423542123673 0.006231962103548412 0.5799721838505458 0.24635526278458145 
1.0 0.5379325092215018 0.02587235156171699 3.738512844395366E-4 0.048545799611176194 0.3872754883211655 
3.0 0.01361645772514559 0.034916413848089266 0.8981442086214178 0.02968251170337577 0.023640408101971766 
3.0 0.03677478070411511 0.05036404535527159 0.7534860485842647 0.09386240998544339 0.06551271537090529 
2.0 0.026914786263053467 0.49565153755439795 0.08325835864052929 0.2299422266691145 0.1642330908729049 
2.0 0.21483735973088328 0.40458818444174527 0.0011153421391392419 0.0423087481241821 0.3371503655640498 
1.0 0.7383778941470285 0.0756390793296279 0.0012965770669000716 0.037949979080953586 0.14673647037549034 
1.0 0.4755738648825466 0.14571557798709614 0.0012533107488131503 0.2087797294894894 0.1686775168920547 
2.0 0.0090964025532562 0.8237575091231529 0.0015259000984493192 0.030614161999189746 0.13500602622595168 
2.0 0.030976472357598758 0.6406743856412912 3.732790552541802E-4 0.03853132073884934 0.2894445422070068 
2.0 0.012096229564559313 0.7261644400611069 0.006478235712782802 0.1615152095858872 0.09374588507566378 
2.0 0.0638761318333616 0.5735416274879559 9.945272363997102E-4 0.10085999532889038 0.26072771811339224 
4.0 0.08883126440496013 0.053414865976418306 0.007608853995158134 0.713570522759821 0.13657449286364257 
4.0 0.026880373245459784 0.2998831953116741 0.14839426251641744 0.43589716126184236 0.08894500766460643 
4.0 0.11359910762032908 0.2967471217573197 0.01643087112335197 0.3629959215667036 0.2102269779322958 
4.0 0.025781849836153253 0.1782939995246808 0.01784295844018844 0.4489577826088743 0.32912340959010344 
2.0 0.010616621044548967 0.7509802535411478 0.0013645661515012562 0.15503667279134173 0.08200188647146014 
2.0 0.03153717904644774 0.6864862576011119 6.495346721951455E-4 0.03290386405790342 0.2484231646223418 
2.0 0.0271275365559478 0.742561850426645 0.07329216869370606 0.07188069473425644 0.08513774958944458 
4.0 0.03134982445646733 0.2554996635757304 0.0065899898119834485 0.5475928040793845 0.15896771807643428 
2.0 0.13877395682247234 0.6026705664978691 0.0015602434388459494 0.17759961604270497 0.07939561719810752 
2.0 0.048436065601237324 0.7743198171592405 0.0012396653202118384 0.05339005232683525 0.12261439959247522 
2.0 0.04910738203132227 0.47472066723074247 0.0011967494297846952 0.1639778173127131 0.3109973839954372 
4.0 0.14760352042067262 0.1476850130796428 0.020599257511034728 0.3703902117916852 0.31372199719696503 
2.0 0.038105046048903114 0.5430797000506926 4.5091479729133843E-4 0.09023804804227004 0.3281262910608429 
2.0 0.03453738143280029 0.6997527755781692 0.06751791075224656 0.0800414490574478 0.11815048317933628 
3.0 0.005598643622231912 0.018646548188007993 0.945169085158691 0.01314215075094318 0.017443572280126402 
3.0 0.006028702124270919 0.003330397345461763 0.9803044803591016 0.006386144747882911 0.003950275423282674 
2.0 0.013200035032855368 0.709391633133854 0.0020584603336569513 0.12706366219589182 0.148286209303742 
5.0 0.058779223598283 0.19552528370063935 0.0025748511380572743 0.29286175684550697 0.4502588847175138 
3.0 0.06323809352803078 0.0753159481677344 0.6626675988529263 0.08948456433441794 0.10929379511689061 
2.0 0.02292072916259725 0.7923270128905244 0.010147002533095868 0.06161727612898293 0.11298797928479953 
2.0 0.018720600033182544 0.6216332367349411 0.032702265517612 0.21309920062519216 0.11384469708907219 
2.0 0.011098209603823874 0.794755662527451 0.002879392557607976 0.11009528682911691 0.08117144848200034 
2.0 0.016536767097218408 0.7729148128539247 0.008919624875640821 0.07533830478090996 0.12629049039230555 
2.0 0.025142531405180392 0.7749396468257809 0.006328609826062602 0.07646994824593836 0.11711926369703764 
2.0 0.05138634642024054 0.616567870664818 0.0012925685527681607 0.173105177922909 0.15764803643926467 
2.0 0.024185045608311268 0.6826599632073133 0.03353505659404303 0.14532222854524054 0.11429770604509205 
3.0 0.014751302867581717 0.28479749049440867 0.5493206782317677 0.1140341704304484 0.03709635797579398 
4.0 0.06297073754707316 0.2679533720465135 0.010761436805155131 0.5126930779300665 0.1456213756711917 
2.0 0.024630494373908202 0.7983676794633136 0.03510327672265581 0.04718773453549665 0.09471081490462546 
2.0 0.03251464223574443 0.7929220274402199 0.0634656700525524 0.04762316668135552 0.06347449359012741 
2.0 0.035246155138781016 0.745896493706283 0.05255094593100702 0.08300213159326708 0.0833042736306616 
5.0 0.36750480057138635 0.056197003209505644 0.002206924000028116 0.05959251211894528 0.5144987601001344 
2.0 0.015189644674907679 0.6585550581989823 0.023629332992907547 0.2241942703126402 0.07843169382056182 
5.0 0.17551321491041816 0.25791348682615406 0.0013952382319420396 0.16570482845967413 0.39947323157181136 
1.0 0.4385575431526685 0.051134517951371763 7.399881925207463E-4 0.07991830032614816 0.42964965037729097 
3.0 0.007524392920084013 0.008019795845711553 0.9643969119019499 0.009133330056943252 0.010925569275311317 
2.0 0.039085221934801004 0.6089021807877248 5.480966834703137E-4 0.08000460145306953 0.2714598991409339 
2.0 0.014556461859633817 0.8275859291035526 0.010057388120035038 0.08543969660331467 0.06236052431346361 
2.0 0.036792588420941276 0.7915517990846213 0.005044888398675816 0.03745508115686502 0.12915564293889653 
1.0 0.5092466900988765 0.0515837179389387 7.056548287299087E-4 0.03389123773088747 0.40457269940256746 
1.0 0.8055123626252763 0.035446253280642916 0.002287292312331916 0.0625149401507468 0.09423915163100237 
4.0 0.024020100028958064 0.15569661011239755 0.0064421555342995054 0.7225665020767285 0.0912746322476164 
