0.0 0.5951330542733736 0.291244152213601 0.11362279351302522 
0.0 0.6185139882093104 0.25712948534590246 0.12435652644478702 
0.0 0.6512318230451857 0.2343459778834314 0.11442219907138312 
0.0 0.6724278046410431 0.18874923068975943 0.1388229646691976 
0.0 0.7418724285342496 0.15075565473582625 0.10737191672992384 
1.0 0.254284570510452 0.6446671221020693 0.10104830738747851 
1.0 0.30554343552497637 0.5289177131715951 0.16553885130342866 
0.0 0.587974893357895 0.25526189751392225 0.15676320912818276 
1.0 0.3543618191045778 0.5263473068454241 0.11929087404999779 
0.0 0.5460991923881581 0.3313972019577954 0.12250360565404657 
0.0 0.7110981620724103 0.1733351278989358 0.11556671002865418 
1.0 0.35378076390056706 0.4927808740042728 0.15343836209516004 
0.0 0.8062835378820904 0.10712159346659172 0.08659486865131802 
0.0 0.5503728565041519 0.31895042455682077 0.1306767189390272 
0.0 0.7322614980369039 0.14828475234568686 0.11945374961740908 
0.0 0.5309626429690307 0.3548766382608035 0.11416071877016581 
0.0 0.694119835929917 0.1819855321364951 0.1238946319335878 
0.0 0.697214125535322 0.18181449142720507 0.12097138303747294 
0.0 0.7569952315693194 0.12663555461735104 0.11636921381332958 
0.0 0.7308087751159446 0.14697781278066982 0.12221341210338574 
0.0 0.7508654547590561 0.1381111258389319 0.11102341940201196 
0.0 0.39593826678401256 0.39082900977416957 0.21323272344181787 
0.0 0.44087713332924555 0.348386677183349 0.21073618948740536 
0.0 0.6369656404941653 0.23370824412739466 0.12932611537844005 
0.0 0.6361734424625207 0.19703367055641643 0.16679288698106287 
0.0 0.7143991968492478 0.17852397859401853 0.10707682455673403 
0.0 0.7226113178722849 0.15335069348150857 0.1240379886462065 
0.0 0.7536804576471567 0.14754422242570633 0.09877531992713695 
0.0 0.45242698849352575 0.3667245602250676 0.18084845128140647 
0.0 0.5037524452054708 0.3366494168640285 0.15959813793050057 
0.0 0.7070902251426643 0.17940913251446214 0.1135006423428735 
0.0 0.7528441271762335 0.14704239716660025 0.10011347565716591 
0.0 0.7076975723503709 0.18091493818942608 0.11138748946020317 
0.0 0.7335145644369986 0.15338380583573602 0.11310162972726538 
0.0 0.727975686851972 0.14544932648198022 0.12657498666604794 
0.0 0.6805130838675244 0.20306370396469461 0.1164232121677809 
0.0 0.416364712026483 0.37888384985297685 0.20475143812053995 
0.0 0.45859824664079124 0.39001654464003754 0.1513852087191712 
1.0 0.32404733271344377 0.42083465038483353 0.25511801690172276 
0.0 0.6064446487753442 0.2525597105649585 0.14099564065969766 
0.0 0.4376767702474385 0.35789551289819477 0.20442771685436695 
1.0 0.4110586562403717 0.45114270259186723 0.13779864116776092 
1.0 0.14999436589775994 0.6662311444391156 0.18377448966312449 
0.0 0.4535566416716885 0.44605837199033727 0.10038498633797435 
0.0 0.7310850496788653 0.14706570453016932 0.12184924579096537 
1.0 0.3606663801260656 0.45088128475027356 0.18845233512366064 
1.0 0.3841262608917977 0.3935505666562185 0.22232317245198385 
0.0 0.7681329101532571 0.1356816840182232 0.09618540582851973 
0.0 0.6186871466083136 0.2559807623600215 0.12533209103166498 
0.0 0.6612131881552787 0.2226053965316643 0.11618141531305705 
0.0 0.7120341764095813 0.16560344408684075 0.12236237950357794 
0.0 0.658654492097566 0.261764807293792 0.07958070060864211 
0.0 0.6678690827343025 0.20377793126523694 0.12835298600046055 
0.0 0.6657544250366034 0.2235158023244178 0.1107297726389786 
0.0 0.7336427445986233 0.15379059441966786 0.11256666098170909 
0.0 0.6794065254263203 0.1983521786871372 0.1222412958865423 
0.0 0.7882897371344366 0.114046523444034 0.09766373942152912 
0.0 0.7169852618612674 0.17078590136368535 0.11222883677504737 
0.0 0.6957245352501497 0.19259567720211793 0.11167978754773253 
0.0 0.7315331958828065 0.16757240469956058 0.10089439941763302 
0.0 0.3915752244478451 0.3895282302040156 0.21889654534813957 
0.0 0.5342158987984943 0.322667675316821 0.14311642588468482 
0.0 0.465336261699583 0.3905068953648353 0.14415684293558156 
0.0 0.40780798921989264 0.3902227320748938 0.20196927870521347 
0.0 0.7693338140034868 0.1397681281407414 0.09089805785577172 
1.0 0.277171547505622 0.5355962526807214 0.18723219981365624 
0.0 0.42268130377343727 0.36337918157694504 0.2139395146496176 
0.0 0.6545025229119719 0.21824495871281066 0.12725251837521728 
0.0 0.47179322082315456 0.3131011778686303 0.2151056013082153 
1.0 0.36131473465863595 0.4563582812870004 0.18232698405436334 
1.0 0.3254596808605949 0.46356699024224474 0.21097332889716047 
1.0 0.34380137273484296 0.4856005178605904 0.17059810940456652 
0.0 0.6576621080935583 0.22391096014845369 0.11842693175798792 
1.0 0.29594842589993736 0.4643053545908627 0.23974621950919972 
1.0 0.18786883486703448 0.6044319739914795 0.207699191141486 
1.0 0.2587288120614499 0.5527479378297099 0.18852325010884008 
0.0 0.45210974052993186 0.3383318458420425 0.20955841362802552 
0.0 0.6590407572963763 0.2503815891816493 0.09057765352197418 
0.0 0.6807420340292787 0.21934221652713112 0.09991574944359029 
0.0 0.7268552053614764 0.16532343004251385 0.10782136459600972 
1.0 0.3686529745923287 0.5081726851845766 0.12317434022309455 
0.0 0.7648507206297585 0.13634320148608003 0.09880607788416151 
0.0 0.7846286849632234 0.11830819602802199 0.09706311900875458 
0.0 0.5778604282935964 0.2598974951730002 0.16224207653340345 
0.0 0.6591178803290255 0.22213724739606486 0.11874487227490946 
0.0 0.7804509489271297 0.11184358577320874 0.10770546529966174 
0.0 0.6537549332170592 0.22111990232747752 0.12512516445546337 
0.0 0.6290311393284569 0.24313802403716694 0.12783083663437594 
0.0 0.6950259595070608 0.16266955879431003 0.14230448169862916 
0.0 0.7113867585655038 0.1686135970305178 0.11999964440397844 
1.0 0.39116821187990913 0.4469250509958564 0.16190673712423498 
0.0 0.6274261832875996 0.23737872808261024 0.13519508862979027 
0.0 0.43745800229014703 0.36287296347838804 0.19966903423146468 
0.0 0.6218716190056609 0.22423499176709943 0.1538933892272398 
0.0 0.6077127358695498 0.2548665950668849 0.13742066906356495 
1.0 0.33920753478903826 0.4845714949594301 0.17622097025153147 
0.0 0.7169852618612674 0.17078590136368535 0.11222883677504737 
1.0 0.3815971707916976 0.47759618292921024 0.1408066462790924 
1.0 0.32404029128379996 0.42083225673226077 0.2551274519839392 
0.0 0.6142460107706501 0.19487954662119378 0.19087444260815586 
0.0 0.45054205078206494 0.41268716695954694 0.13677078225838826 
0.0 0.6941784068318331 0.1932524007488148 0.11256919241935195 
1.0 0.36928478577150486 0.39901094050061364 0.23170427372788152 
0.0 0.3942157229362137 0.3711951862897813 0.23458909077400483 
0.0 0.6225460026672917 0.2001038908186993 0.17735010651400893 
0.0 0.7424864759147394 0.15229605234280644 0.10521747174245442 
0.0 0.5379988149394678 0.2765354792477262 0.185465705812806 
0.0 0.6576647850331765 0.20839296299362134 0.13394225197320245 
1.0 0.3498871375814916 0.39662340536489565 0.25348945705361264 
1.0 0.3094734279307497 0.4469187239757614 0.24360784809348884 
1.0 0.3735296178842893 0.43691214430063063 0.18955823781507986 
1.0 0.3607180571738633 0.3966998111384302 0.24258213168770648 
0.0 0.4300132592864079 0.42523458578455137 0.14475215492904078 
0.0 0.582389812227534 0.2878584873930991 0.1297517003793667 
1.0 0.30791439081019134 0.43969076701647253 0.2523948421733361 
0.0 0.6418664586284937 0.20538972785282966 0.15274381351867666 
1.0 0.3356234659881294 0.4127085374226105 0.2516679965892601 
0.0 0.46835487731651265 0.3319208549060515 0.19972426777743607 
1.0 0.19852528338833386 0.6342711398371428 0.1672035767745234 
1.0 0.29202060469502944 0.5510346360729634 0.15694475923200696 
1.0 0.35334844443170366 0.5125373809331182 0.13411417463517808 
0.0 0.42224744841117 0.41663680507252204 0.16111574651630794 
1.0 0.24097294675410633 0.5646664689846562 0.19436058426123692 
0.0 0.4484499396861239 0.35314951344306733 0.19840054687080869 
1.0 0.26039034484403 0.5813135928112751 0.15829606234469487 
1.0 0.3340112792714712 0.4122389569640298 0.2537497637644988 
1.0 0.43875714033475 0.4528027702031565 0.10844008946209355 
1.0 0.3870617970820194 0.4200413589104605 0.19289684400752002 
1.0 0.32794155327987545 0.4202816043967373 0.2517768423233874 
0.0 0.5369713716326642 0.33814646683760985 0.12488216152972566 
0.0 0.719176331808472 0.17253284243830036 0.10829082575322753 
1.0 0.37510119690480886 0.42404476120511175 0.20085404189007933 
0.0 0.5172160760058863 0.28448900609229333 0.1982949179018204 
0.0 0.3859737860011331 0.3777777494205239 0.23624846457834314 
0.0 0.5082479362868665 0.3278217302823696 0.16393033343076377 
1.0 0.3188729549645248 0.5382621228985435 0.1428649221369319 
1.0 0.34730928577225867 0.5373509519773436 0.11533976225039781 
1.0 0.3283309721601456 0.5530827181173236 0.11858630972253055 
1.0 0.4239537864064978 0.43649340026505995 0.13955281332844213 
0.0 0.4341608427911137 0.36005093254390313 0.20578822466498325 
0.0 0.4833243243582953 0.4052155876296483 0.11146008801205613 
1.0 0.39338977358247257 0.47426774428165797 0.13234248213586952 
1.0 0.3821192399836575 0.5068997364116543 0.11098102360468853 
0.0 0.39714644399472515 0.38870984143449977 0.21414371457077516 
1.0 0.30586897139162306 0.5484587531753297 0.14567227543304734 
0.0 0.7144916819031876 0.17808668172139722 0.10742163637541516 
0.0 0.5131441856968357 0.30030204240137487 0.18655377190178965 
0.0 0.4655960729222304 0.39792361103661483 0.1364803160411549 
0.0 0.6954573601771437 0.1677708255238834 0.13677181429897295 
1.0 0.3779098509791275 0.4859857196111205 0.13610442940975223 
1.0 0.3930651675198762 0.43665745984935966 0.17027737263076417 
0.0 0.5353330626054854 0.2894541211823644 0.17521281621214996 
0.0 0.45303951371155965 0.40330342472115177 0.14365706156728839 
0.0 0.39928060460227105 0.39660089864317916 0.20411849675454963 
0.0 0.5282791396377743 0.3284325230902056 0.14328833727201998 
1.0 0.3258333206337422 0.4354305559043417 0.23873612346191603 
1.0 0.3736043262719222 0.42071531543991675 0.20568035828816103 
0.0 0.5403546153166177 0.25635185241196423 0.2032935322714182 
1.0 0.40675651388117384 0.46419847261697167 0.12904501350185427 
1.0 0.31312835313311865 0.4879646407426644 0.19890700612421677 
0.0 0.4164953019257677 0.391528946525113 0.19197575154911908 
1.0 0.38416434187978826 0.4707909354625197 0.14504472265769203 
1.0 0.3531559707083927 0.3992080022052012 0.2476360270864062 
1.0 0.28971943124635613 0.48775713376908525 0.22252343498455854 
0.0 0.44473493478937 0.36173337645044107 0.19353168876018903 
1.0 0.3426459073582472 0.41703125896722265 0.24032283367453033 
1.0 0.385728387826223 0.41188517451282763 0.2023864376609494 
1.0 0.3493428261571254 0.5124463164335856 0.1382108574092889 
0.0 0.4341348379711186 0.3986243730357117 0.16724078899316966 
1.0 0.33475502238881866 0.5439634538151429 0.12128152379603853 
0.0 0.7827030281981654 0.12049165093425072 0.0968053208675837 
1.0 0.23845635705045587 0.6278222538474485 0.13372138910209547 
1.0 0.3770123158731307 0.4106065856208595 0.21238109850601006 
0.0 0.8126814368666996 0.09490674205560148 0.092411821077699 
0.0 0.4854585395497001 0.30194254608160415 0.2125989143686961 
1.0 0.31935842133606573 0.567520854862313 0.1131207238016215 
1.0 0.3239876865636493 0.5503267129453395 0.12568560049101124 
0.0 0.5907441775158424 0.2545056338865524 0.15475018859760498 
0.0 0.5291811027463149 0.3186012342384601 0.152217663015225 
1.0 0.24223106742697842 0.5706569449994615 0.18711198757356007 
1.0 0.3874687276211017 0.523135496631348 0.08939577574755023 
0.0 0.5383964762159946 0.27470819727875273 0.18689532650525262 
1.0 0.27055801655307876 0.5951282952567934 0.13431368819012743 
0.0 0.4935867782357441 0.3450993814371071 0.16131384032714885 
0.0 0.606377685324014 0.2082077102890623 0.1854146043869235 
0.0 0.6148729164301602 0.26370527307766595 0.12142181049217428 
0.0 0.6644007606493353 0.2184416295609713 0.1171576097896937 
0.0 0.5588876102506706 0.320198334659225 0.12091405509010415 
0.0 0.6418829637695189 0.24572751126563888 0.11238952496484232 
1.0 0.34718359560155737 0.49534667714527486 0.1574697272531679 
1.0 0.31510802167780966 0.4479916736766331 0.2369003046455572 
0.0 0.49030507342698126 0.3370497645709239 0.17264516200209493 
0.0 0.4814351407925488 0.34367116557449773 0.17489369363295348 
0.0 0.6723290627770627 0.20304986867723007 0.12462106854570706 
0.0 0.45830671287059477 0.36226554307254416 0.17942774405686088 
0.0 0.41647228408311665 0.38942237286641623 0.19410534305046687 
0.0 0.6861533571830272 0.20329747563769482 0.11054916717927776 
0.0 0.4686651108119156 0.4074397022726349 0.12389518691544975 
0.0 0.402728556549074 0.3724774702795148 0.22479397317141106 
0.0 0.49956933262891473 0.3686324442064705 0.13179822316461462 
0.0 0.43785509947780793 0.37917151503045243 0.18297338549173967 
0.0 0.747260437647382 0.14403980398668992 0.10869975836592807 
1.0 0.34118659346121144 0.5014399537291726 0.15737345280961584 
0.0 0.6709633192178831 0.23555229939978237 0.09348438138233452 
0.0 0.747260437647382 0.14403980398668992 0.10869975836592807 
1.0 0.38588519085051376 0.46935120843805117 0.14476360071143526 
0.0 0.7015564662629817 0.18832151469617273 0.11012201904084547 
1.0 0.22181250040964487 0.6428930226956717 0.13529447689468307 
1.0 0.37715870338844765 0.4301060213404058 0.19273527527114676 
1.0 0.4103735335656915 0.4670159907949556 0.12261047563935286 
1.0 0.3252273744923629 0.41990538188853027 0.25486724361910684 
1.0 0.3484615572202349 0.5151092121481469 0.1364292306316182 
0.0 0.4949680499351581 0.35742936529843583 0.14760258476640598 
1.0 0.37392283487113614 0.40591964591940327 0.22015751920946058 
0.0 0.4194330986650569 0.3529661300438164 0.22760077129112669 
0.0 0.4486538007076565 0.2963584134207284 0.2549877858716151 
0.0 0.4552490236071332 0.3537606277989259 0.1909903485939408 
1.0 0.3405148263167004 0.5089124041959724 0.15057276948732726 
0.0 0.4235867737210908 0.40281737491190417 0.1735958513670048 
1.0 0.28849753203775647 0.4943520341831713 0.2171504337790725 
1.0 0.1609493856062265 0.6733082152371882 0.16574239915658556 
1.0 0.3241032843475274 0.421032330749572 0.2548643849029005 
0.0 0.44095185171626233 0.3784376903852875 0.1806104578984502 
1.0 0.32905474888961855 0.4461983477259046 0.22474690338447653 
1.0 0.2867113316063496 0.5267557446650369 0.1865329237286134 
0.0 0.4934127806256942 0.34896771845590135 0.1576195009184043 
0.0 0.7104165176953599 0.1822463631567849 0.10733711914785517 
1.0 0.21184734857002757 0.6089385204337427 0.17921413099622954 
0.0 0.6025010981069416 0.2765677903918879 0.12093111150117035 
1.0 0.2550638730337827 0.5093975565976091 0.23553857036860823 
0.0 0.4673052230189596 0.36057773167996354 0.17211704530107677 
0.0 0.554778601349663 0.31004852752619433 0.1351728711241426 
1.0 0.3640302678780344 0.39743326648925303 0.23853646563271277 
0.0 0.5351306279927333 0.3617063507905889 0.1031630212166779 
1.0 0.2638354138065019 0.49526009903645934 0.2409044871570384 
0.0 0.6412517081591965 0.23819959004855967 0.120548701792244 
0.0 0.7314974126405626 0.16096626050665797 0.1075363268527796 
0.0 0.3915754218239078 0.3659112739294397 0.24251330424665252 
1.0 0.265179974120319 0.5552204900983997 0.17959953578128096 
1.0 0.28867496841932444 0.5307276600811668 0.18059737149950889 
0.0 0.46674161944853343 0.324991077667046 0.20826730288442052 
1.0 0.2869688571551485 0.5187373739225297 0.19429376892232175 
0.0 0.6764847774798733 0.20084420944754822 0.12267101307257877 
1.0 0.3222797464834842 0.49543071388963245 0.18228953962688332 
0.0 0.6077330482849136 0.19655991090359692 0.19570704081148932 
1.0 0.35756580003042027 0.4177494528485252 0.2246847471210544 
0.0 0.7773935078718832 0.1205714059389 0.10203508618921696 
0.0 0.6177917243032292 0.2657417763893677 0.1164664993074035 
1.0 0.36425180819489006 0.4113838314827445 0.22436436032236529 
1.0 0.37023716721243966 0.3970010316862931 0.23276180110126696 
0.0 0.5370456205816464 0.3276637607363701 0.13529061868198336 
1.0 0.39309001735752325 0.4613421171206633 0.1455678655218134 
0.0 0.617088878755724 0.26356501983296077 0.11934610141131513 
0.0 0.6200630422970327 0.26484940295161685 0.11508755475135037 
1.0 0.3588359066186979 0.4107012054401564 0.23046288794114558 
0.0 0.4428891381533518 0.41498064735288837 0.14213021449375982 
0.0 0.747260437647382 0.14403980398668992 0.10869975836592807 
0.0 0.6225523496535951 0.2215914828147966 0.15585616753160836 
0.0 0.6674412268593973 0.2208845270801817 0.11167424606042096 
1.0 0.3269627528799757 0.514556018163967 0.15848122895605724 
1.0 0.3820158469917969 0.4564058990289162 0.16157825397928643 
1.0 0.3488502890327126 0.4057470752078059 0.24540263575948165 
1.0 0.3504078493703813 0.41700812657060066 0.23258402405901799 
1.0 0.33162077942364143 0.4783984089573377 0.1899808116190207 
0.0 0.4410521181951282 0.42888737081317074 0.13006051099170104 
1.0 0.3121467722257328 0.4361011928800028 0.25175203489426445 
0.0 0.43782668246345907 0.3907301695542218 0.17144314798231913 
1.0 0.23405201600570513 0.6346976843111182 0.13125029968317659 
0.0 0.4879064970881155 0.29335506786267207 0.21873843504921223 
0.0 0.5900648459929773 0.26932824275844286 0.14060691124858 
0.0 0.4742885783694824 0.267249942096241 0.25846147953427645 
0.0 0.5570299683635238 0.2999888521565073 0.14298117947996888 
1.0 0.30206951613291305 0.5490688712690507 0.14886161259803612 
0.0 0.5496363430064188 0.3030255539862626 0.14733810300731848 
1.0 0.249751818297273 0.6398359056899365 0.11041227601279058 
1.0 0.37127212563758877 0.4931231493973345 0.13560472496507667 
0.0 0.42848591366455796 0.4268902937500623 0.14462379258537994 
0.0 0.5739893439205187 0.29827659089454744 0.1277340651849337 
1.0 0.326532330208615 0.42206009221700846 0.25140757757437643 
0.0 0.6047863725491125 0.2610908364913864 0.134122790959501 
1.0 0.32335118691352066 0.4847028708683591 0.1919459422181202 
1.0 0.4109142159316804 0.4646192490326192 0.12446653503570007 
1.0 0.3333335346526227 0.41563456619904354 0.2510318991483336 
0.0 0.5885269734188453 0.2899634619910572 0.12150956459009742 
0.0 0.6719165353163304 0.19762433466905424 0.13045913001461532 
0.0 0.5424638578067041 0.31315699216678633 0.1443791500265093 
1.0 0.3931692148704533 0.4439733198908571 0.1628574652386892 
1.0 0.296951837923088 0.5214368769696871 0.1816112851072252 
1.0 0.3235068415070113 0.42078356366950936 0.25570959482347944 
1.0 0.3628227392676402 0.3909474262624673 0.24622983446989244 
0.0 0.6375271676293 0.23490825506007912 0.12756457731062074 
0.0 0.697397346604716 0.14763836201529645 0.15496429137998757 
0.0 0.5544060200608978 0.2937232279239752 0.15187075201512687 
0.0 0.6232508288578058 0.21086034379439464 0.16588882734779936 
0.0 0.7302703529503899 0.152704372159565 0.1170252748900451 
0.0 0.4320709748897931 0.38641367943188687 0.18151534567832023 
0.0 0.4334846460318357 0.3560823698421545 0.2104329841260095 
0.0 0.625016169259202 0.25166773361748457 0.12331609712331318 
0.0 0.63065933749648 0.21203294581433052 0.15730771668918955 
1.0 0.29392589616013426 0.4935992709890541 0.21247483285081134 
0.0 0.4519318043170272 0.3750340483689802 0.1730341473139927 
0.0 0.6162132061604629 0.1947554047057363 0.18903138913380074 
1.0 0.3809464027896085 0.4630631275773721 0.15599046963301946 
0.0 0.4251031802232581 0.35215020309784 0.22274661667890172 
0.0 0.5903831094901794 0.28854465622890063 0.12107223428092004 
0.0 0.7402800244148575 0.15716753513590434 0.10255244044923771 
1.0 0.32449847659135134 0.42181805454261295 0.2536834688660356 
0.0 0.40810856970747444 0.39591277226178684 0.19597865803073908 
1.0 0.33085211739074394 0.4156282484300941 0.2535196341791618 
0.0 0.7289193067000376 0.1604653237544441 0.11061536954551812 
1.0 0.35105890633509806 0.4122202333170208 0.23672086034788087 
1.0 0.33982453486386266 0.4146895609382808 0.24548590419785649 
0.0 0.5090458876311209 0.3601383520458116 0.1308157603230673 
1.0 0.16182754221314014 0.684393201654957 0.15377925613190302 
1.0 0.3624621716343672 0.40326740437553515 0.23427042399009756 
1.0 0.34573046947975095 0.4089567988625407 0.2453127316577084 
1.0 0.3400068387745604 0.41149978982389523 0.24849337140154473 
0.0 0.5274095680376505 0.361189239247941 0.11140119271440836 
0.0 0.7548768256934625 0.13863629976859496 0.10648687453794235 
0.0 0.5080252759425465 0.30417297314553726 0.18780175091191623 
1.0 0.26467587875955273 0.6280961250800059 0.10722799616044128 
1.0 0.2333185264572302 0.5994711358359466 0.1672103377068232 
0.0 0.488807605036599 0.2865057018704321 0.22468669309296893 
1.0 0.3062300180283803 0.42838572764319466 0.26538425432842494 
0.0 0.6295473296676382 0.2006875907848507 0.16976507954751122 
1.0 0.41621421061357605 0.43290742556286965 0.15087836382355416 
1.0 0.32020302951816765 0.4530173139762322 0.22677965650560014 
0.0 0.548635374389407 0.3054951224816944 0.1458695031288988 
1.0 0.3410617548910587 0.4440120714449648 0.21492617366397623 
0.0 0.6600521677017777 0.21179363843416996 0.12815419386405255 
0.0 0.47299701039047654 0.3391528913236875 0.18785009828583596 
0.0 0.4592325287394509 0.3851306156695363 0.15563685559101234 
1.0 0.33690645220680565 0.5046949841304592 0.1583985636627351 
0.0 0.49094367317483995 0.3620289345423524 0.1470273922828077 
1.0 0.36884941560959045 0.45552278514256117 0.1756277992478484 
0.0 0.6063649638611969 0.26681650563917103 0.12681853049963188 
1.0 0.33151216170135134 0.4766343378327529 0.1918535004658955 
1.0 0.20692081496861128 0.6481412831753227 0.14493790185606595 
0.0 0.4935160974313877 0.3244272422481855 0.18205666032042697 
1.0 0.27166185912660273 0.549445328356073 0.1788928125173243 
1.0 0.28824592237218555 0.5208115318487498 0.19094254577906453 
1.0 0.37030467480274737 0.5219601144767841 0.10773521072046859 
0.0 0.48358381653495386 0.3339294291368665 0.18248675432817976 
1.0 0.22627868476592583 0.5641091506391082 0.20961216459496612 
1.0 0.40122885882047826 0.48208219964231297 0.11668894153720877 
1.0 0.26743962594210785 0.5309961069192326 0.20156426713865952 
0.0 0.5101762158278074 0.35138038386792264 0.13844340030427002 
0.0 0.6553019787463997 0.21883184406068365 0.12586617719291637 
0.0 0.7386868246722273 0.15262626782904673 0.10868690749872595 
1.0 0.41069643615753176 0.41960412261581065 0.16969944122665773 
1.0 0.41729388581501703 0.4247298617210417 0.15797625246394142 
1.0 0.38326671242876853 0.49722905856358396 0.11950422900764765 
0.0 0.7291388550747014 0.12542681653494353 0.1454343283903551 
0.0 0.46011186167135815 0.40553139389305465 0.13435674443558707 
1.0 0.289388727184054 0.5718112309178506 0.13880004189809567 
1.0 0.3406282930930927 0.4181651066758905 0.24120660023101675 
0.0 0.43564434724983037 0.33516941248090665 0.22918624026926296 
0.0 0.7711703880975607 0.12790647421765164 0.10092313768478754 
1.0 0.33749848508391955 0.42758370918669486 0.2349178057293855 
0.0 0.4221865471646184 0.4036539409738813 0.17415951186150053 
0.0 0.5669126101604204 0.30610241747573314 0.12698497236384648 
0.0 0.6600518089650806 0.21625490424431892 0.12369328679060075 
0.0 0.37657095325907775 0.35557646982129165 0.2678525769196307 
0.0 0.6171013398840816 0.23799502850966975 0.14490363160624858 
1.0 0.36516842216315165 0.39091381673333364 0.24391776110351482 
0.0 0.6884923773408771 0.201869399498205 0.10963822316091806 
1.0 0.3532792892762372 0.4308130773577534 0.21590763336600954 
0.0 0.41324636713540425 0.3920765603287369 0.19467707253585914 
1.0 0.2919887388921094 0.5414794219311431 0.16653183917674733 
1.0 0.34300023786963196 0.4086250440627184 0.24837471806764969 
0.0 0.6815900180243691 0.1973475422637149 0.12106243971191621 
1.0 0.32543054651079323 0.4337271259720771 0.2408423275171297 
1.0 0.3240648059001725 0.42081862084784916 0.2551165732519781 
1.0 0.2960694690009913 0.5229177939414251 0.18101273705758344 
0.0 0.5533168540606446 0.337193950411659 0.10948919552769637 
1.0 0.20650683921605636 0.650777993738683 0.14271516704526063 
1.0 0.30233347514534625 0.508145889438501 0.18952063541615283 
1.0 0.23644111231868398 0.6408972726393672 0.12266161504194885 
0.0 0.48685764351827054 0.38015935594911787 0.13298300053261147 
1.0 0.345664196718564 0.46883157341465603 0.18550422986677984 
1.0 0.33283080666413667 0.42801221379577487 0.23915697954008827 
1.0 0.2738734462957711 0.5887561864998171 0.137370367204412 
1.0 0.3800908325122504 0.4538055453595485 0.16610362212820118 
1.0 0.21516375394097698 0.6094613561896707 0.17537488986935182 
1.0 0.3884998699816644 0.4666409019728347 0.14485922804550103 
0.0 0.6271168840342844 0.27592369837022834 0.09695941759548726 
0.0 0.8099763633794217 0.09917217504366188 0.0908514615769166 
0.0 0.4085452023502308 0.35579027206216823 0.23566452558760076 
0.0 0.7711703880975607 0.12790647421765164 0.10092313768478754 
0.0 0.478815132617949 0.29653747108243506 0.22464739629961597 
0.0 0.6471723096533292 0.19881368777111688 0.15401400257555412 
0.0 0.5978276652430192 0.2130225678795749 0.18914976687740592 
1.0 0.3907883895815896 0.49951716402470947 0.1096944463937009 
0.0 0.41085707961818274 0.3676663383035488 0.22147658207826837 
1.0 0.3179038308448166 0.4480897463218054 0.2340064228333782 
1.0 0.27342641539857204 0.5699639632531708 0.15660962134825715 
1.0 0.33303955057181855 0.4149521202620325 0.2520083291661488 
1.0 0.4056105394467817 0.45869653476923933 0.13569292578397926 
1.0 0.2644369688647844 0.5586762129494772 0.17688681818573854 
0.0 0.6773778571796183 0.19035445625425793 0.13226768656612362 
0.0 0.5829255265256079 0.29939540756805905 0.11767906590633317 
1.0 0.3405474781758876 0.41038850122347686 0.24906402060063576 
0.0 0.5371113936745616 0.24634499791703582 0.2165436084084024 
0.0 0.6059645211658108 0.19833428539134007 0.19570119344284911 
1.0 0.35480435378908376 0.4106166884995153 0.2345789577114009 
0.0 0.46255619995899305 0.3691345244212563 0.1683092756197506 
1.0 0.37097684083581933 0.47818291502354154 0.1508402441406393 
0.0 0.5108665224205656 0.3504698693673859 0.1386636082120482 
0.0 0.5470336936237088 0.27046061060382726 0.18250569577246414 
0.0 0.5220892258698702 0.3534589298942672 0.12445184423586264 
0.0 0.6232742010770076 0.2523212135704159 0.12440458535257654 
0.0 0.747260437647382 0.14403980398668992 0.10869975836592807 
0.0 0.4092826846849238 0.3341509050499638 0.25656641026511234 
0.0 0.5317116582711012 0.31293078858681783 0.155357553142081 
1.0 0.2692721959475197 0.5382555781325421 0.19247222591993832 
0.0 0.5952332619196055 0.23485035691307732 0.1699163811673172 
0.0 0.7367705328237886 0.15814907177933696 0.10508039539687435 
0.0 0.566457192286616 0.276756733815318 0.156786073898066 
0.0 0.6216501573197557 0.2628921317319907 0.11545771094825351 
0.0 0.493708388675291 0.3349244440133694 0.17136716731133966 
0.0 0.5437564925149374 0.3263167116938198 0.12992679579124294 
0.0 0.44920575099174725 0.4187797981991937 0.13201445080905888 
0.0 0.69806814852293 0.1869737468992591 0.11495810457781083 
0.0 0.48076452098124484 0.3626870596752369 0.15654841934351807 
0.0 0.7169852618612674 0.17078590136368535 0.11222883677504737 
0.0 0.6697948066881989 0.20071890738260925 0.1294862859291917 
0.0 0.4651341947868638 0.30377834682894367 0.23108745838419248 
0.0 0.7392037435984625 0.1550707764834082 0.1057254799181293 
0.0 0.5131402589531994 0.33427349193169603 0.15258624911510466 
0.0 0.7317372922915903 0.16014634326882693 0.10811636443958272 
0.0 0.7169852618612674 0.17078590136368535 0.11222883677504737 
0.0 0.7711703880975607 0.12790647421765164 0.10092313768478754 
0.0 0.5120302839782769 0.3825942593063535 0.10537545671536963 
1.0 0.31446594219177015 0.541192672711381 0.14434138509684885 
0.0 0.5571496526432527 0.2847553958574317 0.15809495149931585 
0.0 0.4734147331937176 0.4015745692474791 0.12501069755880326 
0.0 0.5430905618000064 0.3085999601988041 0.14830947800118952 
0.0 0.6762114059660922 0.20992779262084846 0.11386080141305933 
0.0 0.6857347488158384 0.1732184859755644 0.14104676520859713 
0.0 0.5402159605117743 0.30461852438541104 0.1551655151028147 
0.0 0.5081854630567127 0.26193878224957684 0.22987575469371033 
0.0 0.6350995740576658 0.24561340146711808 0.1192870244752158 
0.0 0.747260437647382 0.14403980398668992 0.10869975836592807 
1.0 0.33163036884925784 0.5574378609485607 0.11093177020218141 
0.0 0.47275041482534047 0.3428831573385341 0.18436642783612556 
0.0 0.5396522662117726 0.3178788494107015 0.1424688843775258 
1.0 0.17121962944828628 0.6911972535391343 0.13758311701257947 
0.0 0.5418496247461839 0.3104316705132448 0.1477187047405713 
1.0 0.2418323550786872 0.598698424950868 0.15946921997044464 
1.0 0.34893504132558895 0.41096369034178026 0.24010126833263096 
1.0 0.3648740356889279 0.521031390470041 0.11409457384103125 
0.0 0.5164943957646342 0.3589015293940769 0.12460407484128902 
1.0 0.32759327540247307 0.5569450831044116 0.11546164149311562 
1.0 0.2788628939881706 0.5639382344924083 0.15719887151942097 
1.0 0.37279552230250435 0.46376600321044387 0.16343847448705176 
1.0 0.2967870829548537 0.5311437938990422 0.1720691231461039 
1.0 0.37704749353358935 0.44647072664272824 0.17648177982368254 
0.0 0.7781788911175541 0.119959680801528 0.10186142808091783 
1.0 0.33931753339618115 0.4220194911282952 0.23866297547552362 
0.0 0.6139142208120795 0.22347770761957314 0.16260807156834742 
1.0 0.30939390773982295 0.5450493297375152 0.14555676252266186 
1.0 0.3696246470213454 0.4641635062229022 0.1662118467557526 
1.0 0.18746174184470915 0.6761048784369122 0.13643337971837882 
1.0 0.41290623300477497 0.41595390534618093 0.17113986164904438 
1.0 0.2689680654456901 0.5995365160559507 0.1314954184983594 
0.0 0.7790506579355141 0.11846503581074311 0.10248430625374261 
0.0 0.4587732120682793 0.34224390452867315 0.19898288340304768 
1.0 0.3193011764440857 0.44984466469027534 0.23085415886563895 
0.0 0.6526797067154001 0.23871512402144776 0.10860516926315196 
0.0 0.43686775041199655 0.3578026360840111 0.2053296135039923 
0.0 0.5041351945029906 0.36864412720721096 0.12722067828979794 
1.0 0.39427921109532527 0.4239629325131134 0.18175785639156133 
0.0 0.47907859709980516 0.3023185628222028 0.21860284007799194 
0.0 0.5192010475905533 0.33453733671873864 0.14626161569070797 
1.0 0.391466646807017 0.4739407088387437 0.13459264435423954 
1.0 0.34409900441003244 0.4499016111561594 0.205999384433808 
0.0 0.579583750716531 0.30347876099269266 0.11693748829077648 
1.0 0.3245143812258305 0.4206048027174239 0.2548808160567455 
0.0 0.5394197589632149 0.34153155819609754 0.1190486828406875 
1.0 0.4300936151541166 0.436706950422309 0.1331994344235742 
0.0 0.39806971147621767 0.3820338033007967 0.21989648522298533 
1.0 0.37682250676847057 0.45368222150934945 0.16949527172217993 
1.0 0.2677952552019049 0.6060412392602507 0.1261635055378446 
1.0 0.3613650527277022 0.4179736049492429 0.22066134232305504 
1.0 0.23572038765322884 0.562188121874669 0.2020914904721022 
1.0 0.3626126960521638 0.4634791601995182 0.17390814374831792 
1.0 0.2704058746729686 0.526206557839148 0.20338756748788323 
0.0 0.4875411026869922 0.3048249662586026 0.2076339310544051 
0.0 0.41316693758716894 0.345309555438217 0.24152350697461372 
0.0 0.45191130237366767 0.4297299321400583 0.11835876548627378 
0.0 0.44283662443409816 0.31039383944440263 0.24676953612149902 
0.0 0.5257651940067276 0.362709585564271 0.11152522042900094 
0.0 0.4528033840572589 0.4352031357898898 0.11199348015285158 
0.0 0.4325228071492138 0.4318087262398713 0.1356684666109145 
0.0 0.6074078080721695 0.24987555306802162 0.14271663885980862 
1.0 0.3128079385379587 0.5135853991954203 0.17360666226662078 
1.0 0.3551689132753472 0.49571816955093545 0.14911291717371744 
1.0 0.36545764687127896 0.3877932246802804 0.24674912844844055 
0.0 0.6914394620197383 0.188359942459217 0.12020059552104452 
0.0 0.5366705660072716 0.3154268134731366 0.1479026205195916 
1.0 0.3273924299463349 0.4220565358825835 0.2505510341710815 
1.0 0.3359794434575729 0.43596172988173476 0.22805882666069194 
1.0 0.24972896613360418 0.5318009865267531 0.21847004733964231 
1.0 0.31470375673220014 0.4816401304067574 0.2036561128610428 
0.0 0.6141158414593261 0.25227705755151153 0.13360710098916218 
0.0 0.5972091450388606 0.26900195136085925 0.13378890360028012 
0.0 0.4114167114842775 0.40024477985213314 0.188338508663589 
1.0 0.3240403907399928 0.4208354913255495 0.2551241179344574 
1.0 0.27243820465586727 0.6031274787354934 0.12443431660863917 
1.0 0.2575452294410096 0.5726973314087618 0.1697574391502287 
0.0 0.596422086193805 0.2740369340559163 0.12954097975027884 
0.0 0.41818484599918215 0.3149641754510606 0.26685097854975726 
0.0 0.4301398764225768 0.356442081455708 0.21341804212171522 
0.0 0.704923021083479 0.18044538547210107 0.1146315934444198 
0.0 0.47910182476056656 0.3450305952675243 0.17586757997190908 
1.0 0.39229328773784755 0.4920882122660582 0.11561849999609412 
0.0 0.6322948110053025 0.22894602086868726 0.1387591681260101 
1.0 0.37815046301463356 0.46141927490556 0.1604302620798062 
0.0 0.6953527066665542 0.18338676693166722 0.12126052640177878 
1.0 0.32267336908014094 0.42849844005226906 0.24882819086759003 
1.0 0.2993420303314508 0.5097580933528205 0.19089987631572872 
1.0 0.25359175779585164 0.5922342337894153 0.15417400841473292 
1.0 0.24507549334660012 0.540934597993788 0.21398990865961148 
1.0 0.34134024731208873 0.5048472770718556 0.15381247561605585 
0.0 0.747260437647382 0.14403980398668992 0.10869975836592807 
0.0 0.4391397536914882 0.38668320327671507 0.17417704303179657 
1.0 0.3233932918375982 0.5568682681780007 0.1197384399844013 
1.0 0.3379978309624985 0.4052722175900072 0.2567299514474943 
1.0 0.33073548781635115 0.5429338644478848 0.1263306477357637 
0.0 0.7526877701016357 0.12102174153927106 0.12629048835909326 
0.0 0.4816567575231707 0.3762798826644751 0.14206335981235407 
0.0 0.5852444898866077 0.2793486457214251 0.13540686439196672 
0.0 0.7650460949448706 0.12737047921362424 0.10758342584150511 
0.0 0.6521341196437173 0.21830045824352948 0.12956542211275315 
0.0 0.6620704592363263 0.22654951373196464 0.11138002703170921 
1.0 0.28772864729299436 0.5944725825155283 0.11779877019147744 
1.0 0.24565855543018902 0.5999449289284609 0.15439651564135043 
0.0 0.6304753791893084 0.25755725585688743 0.1119673649538044 
1.0 0.30731698927796147 0.516273064679063 0.1764099460429756 
0.0 0.6487519474371914 0.22339028474379705 0.1278577678190111 
0.0 0.6764481378312992 0.19503364955110367 0.1285182126175972 
1.0 0.34417655156181454 0.41729965257188856 0.23852379586629693 
0.0 0.524167528626558 0.3471668269454575 0.12866564442798428 
0.0 0.45403478160547944 0.3908663069251517 0.15509891146936916 
1.0 0.3107294568374142 0.5493325074085867 0.1399380357539991 
1.0 0.2855188903032699 0.5834689927197229 0.1310121169770072 
0.0 0.4455170839683154 0.3941991438243863 0.16028377220729836 
0.0 0.49655669983591905 0.3058214923479883 0.1976218078160925 
1.0 0.3480789598344558 0.49127153654990946 0.16064950361563463 
1.0 0.3113189972566301 0.5288731493983049 0.1598078533450649 
0.0 0.6933433115933922 0.19615401416115294 0.11050267424545458 
0.0 0.7507462736062196 0.14277195962551031 0.10648176676826981 
0.0 0.6877336761327906 0.20728659502598043 0.10497972884122897 
0.0 0.49494354801163876 0.319567084184432 0.18548936780392916 
0.0 0.43980429418767997 0.38278005716161617 0.17741564865070378 
0.0 0.5546096660744635 0.26966188515383255 0.1757284487717046 
1.0 0.3247853468013339 0.4190252087461374 0.25618944445252845 
0.0 0.6044850302904403 0.2624291685946659 0.13308580111489368 
0.0 0.4512865393297957 0.3807249279123993 0.16798853275780498 
0.0 0.747260437647382 0.14403980398668992 0.10869975836592807 
0.0 0.4977853484656401 0.3479484786883983 0.15426617284596175 
0.0 0.45606752799114025 0.3561436811856442 0.18778879082321542 
1.0 0.30771116097199325 0.4913676497007169 0.2009211893272896 
1.0 0.3240997837412228 0.4208113986929923 0.25508881756578505 
1.0 0.25665463399682426 0.6147332600008367 0.1286121060023394 
0.0 0.7029398686369841 0.16681140647741416 0.13024872488560177 
0.0 0.4541204301184652 0.39157083305710266 0.15430873682443214 
0.0 0.4346562770598566 0.4124808078452256 0.15286291509491753 
0.0 0.4807093274376148 0.3381822128261972 0.18110845973618797 
0.0 0.566762405965566 0.2984192338770029 0.13481836015743093 
0.0 0.5634455307228219 0.3075777280850693 0.12897674119210883 
0.0 0.5155838770072817 0.25802372160624315 0.22639240138647507 
1.0 0.3744335014814653 0.4661401560637102 0.1594263424548245 
1.0 0.3586745936376991 0.4445837901078345 0.19674161625446623 
1.0 0.26991779918500935 0.5824745440121879 0.14760765680280283 
1.0 0.2626812409299464 0.6278527463481386 0.10946601272191507 
0.0 0.4226292432563029 0.3825087421814216 0.19486201456227537 
0.0 0.4794521416045481 0.4075261952611953 0.11302166313425646 
0.0 0.6876256863303287 0.17721877701796196 0.13515553665170935 
1.0 0.24440518249447582 0.5689447727422071 0.18665004476331712 
1.0 0.32441057542606044 0.4206490612544118 0.2549403633195277 
1.0 0.361505274980481 0.3998172282354836 0.23867749678403521 
0.0 0.4408772744681532 0.40854408176896206 0.15057864376288468 
1.0 0.3246516416977335 0.420203424683351 0.2551449336189155 
0.0 0.453157752467838 0.3486784924755707 0.19816375505659123 
0.0 0.44359081004157275 0.343187822989737 0.2132213669686899 
1.0 0.3052621558651292 0.5803506444817105 0.11438719965316022 
1.0 0.42629831025311116 0.4448734041059919 0.12882828564089666 
0.0 0.5752396693818932 0.3157552033619037 0.109005127256203 
0.0 0.6126488366721484 0.22211720329556178 0.1652339600322896 
0.0 0.4911339196062882 0.3275444824424275 0.18132159795128414 
0.0 0.5302398804477394 0.35503595856225106 0.11472416099000941 
0.0 0.3910353517774685 0.3852746973614617 0.22368995086106983 
1.0 0.34192360453773385 0.4068804583869317 0.25119593707533416 
0.0 0.3797355265597786 0.36695433941134104 0.25331013402888025 
0.0 0.5513360228145582 0.2957299365649508 0.15293404062049112 
0.0 0.7445223771216524 0.1512499260755076 0.10422769680283964 
0.0 0.6264270926100733 0.21858687271846736 0.15498603467145922 
0.0 0.6180506720222482 0.22547785974772577 0.1564714682300258 
1.0 0.325732637627656 0.42007190523714183 0.2541954571352019 
0.0 0.5490877874108818 0.3045026635095888 0.14640954907952952 
1.0 0.3744803066054956 0.48771680927483796 0.1378028841196662 
0.0 0.518816317368413 0.3501187570059987 0.13106492562558808 
0.0 0.41773642579326803 0.3733250346878171 0.2089385395189149 
1.0 0.343769014384359 0.4788543093749257 0.17737667624071562 
0.0 0.6784841100265528 0.19686578338217978 0.12465010659126723 
1.0 0.22860521383172433 0.6323410134818482 0.13905377268642735 
1.0 0.33834288449257377 0.4099837822708416 0.25167333323658503 
1.0 0.33616743480911293 0.41250640062586574 0.2513261645650212 
1.0 0.3242071806601635 0.42072392197432384 0.25506889736551247 
0.0 0.5091668515595157 0.3394082961212223 0.1514248523192618 
0.0 0.4637194871700229 0.43703549980267553 0.09924501302730172 
1.0 0.32895327076935593 0.41821589954417765 0.2528308296864667 
1.0 0.33007737834820466 0.46185549568669604 0.20806712596509933 
1.0 0.34575655676759587 0.4463353848150393 0.20790805841736473 
0.0 0.5152440473888761 0.345768252644575 0.13898769996654878 
1.0 0.32643238575979633 0.43852210329881103 0.23504551094139256 
0.0 0.5426148896939043 0.30694805675999653 0.1504370535460993 
0.0 0.5303092259732303 0.2852421706749359 0.18444860335183347 
0.0 0.5338193495269605 0.3152349818656619 0.15094566860737768 
0.0 0.5444685986623852 0.33067284990543194 0.12485855143218282 
0.0 0.5673587960002761 0.2965570376620898 0.13608416633763407 
0.0 0.6845867082770488 0.20016003066995314 0.11525326105299824 
1.0 0.3343191915428481 0.45826623418251333 0.20741457427463839 
0.0 0.5144425510025128 0.3467845375438923 0.1387729114535948 
1.0 0.33565538394736444 0.43335581047867905 0.2309888055739566 
0.0 0.7169852618612674 0.17078590136368535 0.11222883677504737 
0.0 0.47999416021365815 0.40102870651675077 0.11897713326959114 
0.0 0.5495077127370088 0.32904578882635016 0.12144649843664101 
1.0 0.38110382563225464 0.44331925120207966 0.1755769231656658 
1.0 0.397715457855824 0.4853221362252831 0.11696240591889283 
1.0 0.3848531524710521 0.4991309756301077 0.11601587189884033 
